[1] [2] [3] [4] [5] [6] [7] [8] [9] [10] [11] [12] [13] [14] [15] 
[1, 2] [3] [4] [5] [6] [7] [8] [9] [10] [11] [12] [13] [14] [15] 
[4, 7] [1, 2] [3] [5] [6] [8] [9] [10] [11] [12] [13] [14] [15] 
[5, 13] [4, 7] [1, 2] [3] [6] [8] [9] [10] [11] [12] [14] [15] 
[6, 8] [5, 13] [4, 7] [1, 2] [3] [9] [10] [11] [12] [14] [15] 
[9, 10] [6, 8] [5, 13] [4, 7] [1, 2] [3] [11] [12] [14] [15] 
[11, 14] [9, 10] [6, 8] [5, 13] [4, 7] [1, 2] [3] [12] [15] 
[4, 7, 9, 10] [11, 14] [6, 8] [5, 13] [1, 2] [3] [12] [15] 
[15, 5, 13] [4, 7, 9, 10] [11, 14] [6, 8] [1, 2] [3] [12] 
[3, 1, 2] [15, 5, 13] [4, 7, 9, 10] [11, 14] [6, 8] [12] 
[6, 8, 4, 7, 9, 10] [3, 1, 2] [15, 5, 13] [11, 14] [12] 
[11, 14, 15, 5, 13] [6, 8, 4, 7, 9, 10] [3, 1, 2] [12] 
[12, 11, 14, 15, 5, 13] [6, 8, 4, 7, 9, 10] [3, 1, 2] 
