[1] [2] [3] [4] [5] [6] [7] [8] [9] [10] [11] [12] [13] [14] [15] 
[1, 4] [2] [3] [5] [6] [7] [8] [9] [10] [11] [12] [13] [14] [15] 
[2, 3] [1, 4] [5] [6] [7] [8] [9] [10] [11] [12] [13] [14] [15] 
[5, 1, 4] [2, 3] [6] [7] [8] [9] [10] [11] [12] [13] [14] [15] 
[6, 7] [5, 1, 4] [2, 3] [8] [9] [10] [11] [12] [13] [14] [15] 
[9, 10] [6, 7] [5, 1, 4] [2, 3] [8] [11] [12] [13] [14] [15] 
[11, 13] [9, 10] [6, 7] [5, 1, 4] [2, 3] [8] [12] [14] [15] 
[12, 15] [11, 13] [9, 10] [6, 7] [5, 1, 4] [2, 3] [8] [14] 
[6, 7, 12, 15] [11, 13] [9, 10] [5, 1, 4] [2, 3] [8] [14] 
[8, 9, 10] [6, 7, 12, 15] [11, 13] [5, 1, 4] [2, 3] [14] 
[14, 2, 3] [8, 9, 10] [6, 7, 12, 15] [11, 13] [5, 1, 4] 
[5, 1, 4, 6, 7, 12, 15] [14, 2, 3] [8, 9, 10] [11, 13] 
[11, 13, 5, 1, 4, 6, 7, 12, 15] [14, 2, 3] [8, 9, 10] 
